1: 246 
1: 330 
1: 332 
1: 345 
1: 351 
1: 424 
1: 455 
1: 473 
1: 474 
1: 491 
2: 328 331 
2: 428 452 
5: 381 427 447 429 438 
7: 310 316 321 306 311 307 309 
2: 417 423 
5: 407 394 420 421 422 
3: 344 360 361 
4: 350 357 342 343 
4: 499 497 496 498 
8: 317 378 308 293 380 320 314 315 
10: 349 352 335 336 348 346 333 347 338 339 
3: 486 483 485 
22: 353 368 416 367 411 415 419 412 414 369 468 466 470 471 472 467 469 370 371 366 355 356 
9: 245 480 493 487 494 489 490 488 495 
31: 324 313 323 319 284 318 322 325 376 379 100 101 102 104 289 285 296 373 217 301 302 303 305 312 291 294 283 290 377 295 304 
8: 464 440 463 439 418 409 410 451 
4: 476 492 326 327 
2: 453 454 
55: 282 281 478 465 337 477 340 341 354 359 363 364 358 365 458 362 457 372 461 459 462 479 456 460 402 404 405 389 385 384 386 435 437 388 426 436 401 444 445 413 442 443 406 441 448 391 392 395 408 279 400 403 425 433 434 
287: 275 329 334 482 484 219 238 199 196 243 206 222 174 33 162 227 151 235 0 148 225 226 149 220 481 63 95 98 115 126 24 26 80 16 81 297 229 94 150 288 205 207 194 204 230 203 299 216 185 242 106 161 236 237 239 234 198 131 195 232 107 193 298 200 201 124 286 189 184 187 105 116 114 218 113 103 300 117 118 119 125 120 121 108 202 287 223 188 186 292 210 215 399 182 183 122 175 208 190 231 181 192 123 152 29 135 156 177 209 147 168 211 176 212 112 213 224 110 111 228 178 180 109 179 153 214 240 31 160 169 170 241 27 30 191 136 132 197 28 14 154 155 158 157 167 137 141 15 43 44 42 56 280 36 53 38 2 61 163 164 144 165 171 172 173 138 139 133 134 23 21 22 25 32 166 96 48 244 86 143 146 128 89 90 35 37 82 93 88 145 45 87 92 34 91 71 72 51 67 78 73 263 10 9 266 65 264 265 11 40 54 8 46 97 221 50 58 60 79 57 76 12 20 59 52 68 49 251 75 77 69 70 84 55 64 66 262 13 17 18 19 83 39 47 41 127 142 85 140 130 233 129 159 273 247 248 249 250 252 269 272 6 267 3 62 1 5 260 7 99 256 255 261 253 277 254 257 4 74 268 270 271 258 259 278 274 276 
17: 398 393 449 396 397 431 382 383 432 387 430 446 450 375 390 374 475 
