1: 330 
1: 332 
1: 345 
1: 424 
1: 455 
1: 473 
1: 474 
1: 491 
2: 453 454 
490: 428 452 246 417 423 486 351 483 485 357 499 497 496 498 407 343 328 331 488 245 326 327 495 464 475 374 342 394 390 476 492 489 490 334 463 447 339 439 378 440 429 375 438 338 381 427 472 346 418 409 410 451 420 421 422 480 493 487 494 466 317 369 468 470 471 333 347 353 308 446 275 329 398 372 465 467 307 309 310 316 321 306 311 380 293 320 314 315 469 335 336 348 366 484 431 382 383 482 325 402 355 370 371 349 352 337 359 477 356 368 416 373 358 365 432 363 354 364 340 341 303 273 282 281 478 405 458 324 323 313 319 284 318 322 450 279 404 376 379 100 419 362 392 457 367 391 412 414 411 415 301 302 295 304 408 280 403 268 274 305 312 247 283 290 400 276 217 291 294 297 269 258 399 270 271 219 272 278 0 296 285 252 124 286 220 74 250 101 102 223 277 259 4 289 104 105 249 248 108 106 260 238 232 257 199 210 200 201 116 63 481 24 227 148 151 235 86 254 92 299 253 174 267 262 256 188 225 202 149 126 109 49 3 62 215 41 230 216 203 143 6 1 5 103 300 16 81 255 261 123 26 80 66 34 186 292 229 189 107 146 115 13 184 187 190 231 99 185 242 10 140 120 121 119 125 117 118 234 114 194 204 206 222 288 287 205 207 54 83 96 181 221 39 47 228 183 226 98 243 91 240 84 251 196 193 38 127 25 113 7 73 263 298 112 46 32 218 11 40 87 94 95 48 244 198 50 8 75 55 64 172 33 142 239 150 45 152 144 236 237 192 122 15 130 233 182 173 161 93 145 88 89 90 28 65 264 265 164 35 37 58 60 97 51 17 128 77 69 70 27 175 208 129 159 136 23 67 78 9 266 71 72 162 163 82 241 176 53 79 14 154 155 131 195 179 166 12 138 85 2 61 165 18 19 211 147 168 156 177 209 153 214 110 21 22 57 43 44 158 36 141 42 56 157 167 52 68 76 20 59 29 137 135 171 139 133 134 31 30 191 132 197 170 160 169 180 111 178 212 213 224 425 387 388 395 389 406 441 448 401 413 433 434 436 377 385 384 386 442 443 444 445 430 426 435 437 461 459 462 479 456 460 393 449 396 397 350 344 360 361 
