21: 16 0 3 4 24 26 62 63 80 81 86 98 143 146 149 219 247 250 279 282 481 
55: 67 1 2 5 7 8 9 10 11 21 22 25 34 35 37 38 40 45 46 49 50 51 53 54 55 57 58 61 64 65 66 71 72 73 78 87 88 92 93 95 138 145 166 251 260 262 263 264 265 266 267 269 272 273 280 
42: 257 6 74 99 248 249 252 253 254 255 256 258 259 261 268 270 271 274 275 276 277 278 281 326 327 328 329 330 331 332 334 372 456 460 478 479 480 482 484 486 487 494 
90: 167 12 13 14 15 17 18 19 20 23 27 28 29 30 31 36 39 41 42 43 44 47 52 56 59 60 68 69 70 75 76 77 79 82 83 84 85 89 90 91 97 109 112 123 127 128 129 130 133 134 135 136 137 139 140 141 142 147 152 153 154 156 157 158 159 160 163 164 168 170 172 176 177 179 190 191 192 197 209 210 211 214 215 221 231 233 240 241 298 399 
43: 131 32 33 48 94 96 115 126 132 144 148 150 151 155 162 165 171 174 188 195 196 198 199 203 217 220 223 225 226 227 230 232 234 235 236 237 238 239 243 244 297 299 301 
49: 384 100 283 284 290 291 294 295 296 302 303 304 305 312 313 318 319 322 323 324 325 373 376 377 379 382 383 385 386 387 388 389 395 400 401 402 403 404 405 425 426 427 431 433 434 436 444 445 475 
61: 205 101 102 103 104 105 106 107 108 110 111 113 114 116 117 118 119 120 121 122 124 125 161 169 173 175 178 180 181 182 183 184 185 186 187 189 193 194 200 201 202 204 206 207 208 212 213 216 218 222 224 228 229 242 285 286 287 288 289 292 300 
66: 412 245 333 335 336 337 339 340 341 347 348 349 353 354 356 358 359 362 363 364 365 366 367 368 374 375 390 391 392 393 396 397 398 406 408 411 413 414 415 416 419 430 432 435 437 438 441 442 443 446 448 449 450 457 458 459 461 462 463 465 467 469 476 477 492 493 
56: 369 246 338 342 343 344 345 346 350 351 352 355 357 360 361 370 371 394 407 409 410 417 418 420 421 422 423 424 428 439 440 447 451 452 453 454 455 464 466 468 470 471 472 473 474 483 485 488 489 490 491 495 496 497 498 499 
17: 311 293 306 307 308 309 310 314 315 316 317 320 321 378 380 381 429 
